2701506
2709202
2407500
2408102
2605459
2401800
2408300
2409803
2414704
2404200
2403509
2401206
2402204
2401404
2402600
2403608
2403251
2406155
2407104
2407708
2407807
2408201
2408953
2409209
2410405
2412005
2412203
2413201
2414209
2414407
2415008
2500809
2501401
2505238
2505279
2507101
2507309
2508901
2509057
2509305
2512903
2504033
2508604
3501301
3517802
3506201
3511003
3528700
3514403
3539202
3515129
3542404
3520442
3528908
3529203
3530102
3530201
3540853
3543238
3545506
3546603
3547700
3548302
3552304
3552551
3552908
3554300
5006002
5006200
5006309
5006606
5007208
5007554
5007802
5008305
5000856
5204102
5204300
5210802
3508900
3509106
3515806
3516002
3533205
3114550
3500105
3500808
3502101
3502408
3502606
3546108
3520806
3531605
3532108
3532207
3542206
3520608
3521606
3523008
3526001
3526506
3527405
3533106
3534807
3534906
3535408
3536406
3537404
3538303
3541208
3541307
3541406
3541505
3544251
3544509
3544707
3547106
3549300
3553906
3555109
3556305
5005400
5004700
5000807
5001003
5001904
5002001
5002308
3515301
5006259
3532157
4107108
3515350
4112603
4118303
5003454
5003504
5003702
5003801
5004007
5004502
5008404
5211305
3138625
3540408
3529658
3535903
3556958
3545704
3547403
3555802
3547650
3549003
3554904
3532843
3535200
3529104
3504206
3544400
3518206
3545100
3543808
3519204
3534609
3536000
3505807
3541703
3525607
3535507
5220405
2513703
2507507
2603454
2610707
2504900
2503001
2500601
2507903
2501807
2503209
2504603
2506905
2506400
2506806
2507200
2509107
2509404
2509800
2509909
2511202
2511509
2511905
2512762
2513109
2514453
2515005
2515302
2515971
2600054
2602704
2600708
2601052
2607604
2602209
2603603
2608453
2604007
2608503
2604601
2605509
2605400
2606200
2606804
2607752
2607653
2607802
2608909
2609006
2609501
2610608
2612109
2613800
2615300
2615508
2616308
3503307
3503356
3517307
3503406
3504305
3505203
3506003
3506805
3507209
3510807
3512209
3512704
3513702
3513900
3514106
3536703
3514502
3514700
3539301
3539400
3542503
3515186
3518107
3521101
3529005
3556602
3533700
3534104
3534500
3540002
3546306
3547502
3555000
3555901
3508801
3517000
3151800
3146008
3501400
3102605
3105301
3107901
3108404
3109105
3110301
3111002
3129905
3130606
3134905
3511706
3165578
3143401
3101409
3159209
3500303
3500402
3500501
3504701
3505302
3507308
3508306
3538907
3543907
3515657
3516606
3516705
3519006
3519105
3519600
3520004
3522000
3522604
3522901
3523800
3525300
3525805
3526704
3527108
3527900
3530805
3540101
3540705
3541109
3541802
3542008
3546207
3546702
3548104
3549102
3550803
3556404
3145604
3301603
3159902
3160009
3162302
3162906
3165206
3166006
3167301
3167905
3168507
3169802
3169901
3172103
3305307
3305406
3304102
3305133
3117702
3115904
3116209
3116308
3103306
3105608
3105905
3108701
3110103
3110707
3111606
3111705
3111903
3113107
3113206
3113305
3119708
3123304
3127388
3132602
3138708
3139003
3139102
3144607
3101508
3101607
3101631
3159407
3302452
3154200
3146602
3146701
3150109
3150802
3145406
3155207
3145703
3147204
3147709
3148202
3148301
3148806
3149002
3149408
3149507
3149903
3150307
3151107
3151305
3151701
3152303
3152709
3156106
3153103
3156205
3153806
3145505
3301504
3154101
3154408
3154705
3155405
3155801
3155900
3156304
3156452
3157278
3157302
3160702
3160801
3160900
3161205
3161403
3161502
3162005
3162500
3163706
3163805
3164431
3165008
3165305
3165602
3165701
3166204
3166402
3166907
3167004
3167400
3167509
3167806
3168804
3169000
3169208
3169307
3169406
3170701
3171303
3171402
3172004
3301108
3301207
3303005
3303104
3105509
3106903
3102001
3102100
3102803
3102902
3103108
3103603
3103702
3104304
3104403
3104601
3104908
3106101
3106804
3107109
3107505
3108008
3110202
3110400
3110905
3111200
3111309
3112000
3112208
3113602
3113909
3114105
3114402
3114600
3114709
3114808
3114907
3115201
3115300
3115409
3115508
3116704
3117108
3118304
3118700
3119005
3119609
3120201
3120409
3120805
3121308
3121407
3121506
3121902
3122900
3123007
3123601
3123908
3124005
3124401
3124609
3124906
3125002
3125200
3125309
3125952
3128402
3128501
3128808
3129004
3129202
3129400
3130002
3130408
3130804
3131505
3133907
3134301
3134509
3135902
3136702
3137403
3137809
3137908
3138005
3138203
3138401
3138500
3138609
3139805
3140209
3140803
3141603
3141900
3142106
3142205
3142601
3143906
3144508
3100807
3101201
3157336
3158300
3158409
3158607
3158706
3158805
3159100
3300159
3300902
3302106
3302205
3302304
3304607
3304706
3304805
3306156
3301702
3159605
3165800
3171709
3303609
3303708
3305505
3305554
3305604
3503158
3301405
3304201
3304300
3304409
3304508
3305158
3301850
3304003
3304128
3304144
3304524
3305109
3503505
3504909
3513405
3513603
3518404
3520202
3544301
3549607
3549904
3550001
3552007
3554102
3554805
3117801
3109709
3119906
3127404
3132404
3140407
3159308
3302403
3525508
3149101
3301306
3303500
3150901
3147303
3147600
3147808
3151008
3152501
3152600
3163201
3164407
3164902
3165404
3169059
3172202
3302502
3302601
3302700
3302809
3302858
3302908
3303203
3303302
3303401
3303807
3303856
3303906
3509700
3107208
3108305
3108909
3110509
3110608
3117207
3117900
3118502
3120508
3121100
3122801
3124500
3125101
3133006
3133105
3139904
3144409
3101300
3300100
3300209
3300225
3300233
3300258
3300308
3300407
3300456
3300506
3300704
3300803
3300951
3301801
3301876
3301900
3302007
3302254
3302270
3303955
3304110
3304557
3304904
3305208
3305703
3305752
3305802
3305901
3306008
3306107
3306206
3306305
3502507
3508504
3508603
3509957
3531704
3526308
3526605
3527207
3538006
3538501
3540754
3541901
3548203
3548609
3528809
5005251
4115002
4113809
3519907
5005103
5005152
4111308
4105102
3513306
3553955
4100806
4105904
4110300
4108007
4120200
3516101
3537156
4103404
4109203
4110904
4117107
4118105
4125902
4123600
4124905
4127304
5002407
5007976
3200508
3203106
3203320
3203346
3203403
3203700
3203809
3204203
3204302
3304151
3200201
3200300
3200409
3200706
3201100
3201209
3201308
3201407
3201704
3201803
3201902
3202009
3202306
3202405
3202454
3202603
3202801
3203007
3301009
3301157
3204401
3204807
3205036
3205069
3205101
3205200
3300605
3300936
3302056
3304755
3305000
4108502
4117602
4204350
4204400
4200101
4200408
4200507
4200804
4201273
4201604
4216107
4216255
4216701
4216909
4217303
4217501
4218251
4218509
4218756
4219705
4219853
4202156
4202875
4203006
4203105
4203154
4204202
4204301
4204905
4211801
4206751
4213104
4207601
4207650
4207684
4207700
4207759
4207809
4210506
4210902
4312708
4300646
4105706
4307450
4302378
4211454
4205506
4115309
4312302
4213401
4213609
4302055
4205431
4200556
4200754
4201653
4202081
4204756
4205001
4202099
4202537
4202578
4203501
4203600
4203907
4204004
4204103
4204459
4204707
4205175
4215356
4215406
4205209
4205308
4212007
4212106
4212239
4212270
4205357
4205605
4206405
4206603
4206652
4206702
4213005
4206801
4207577
4207858
4207908
4208005
4208401
4208609
4213153
4208955
4213906
4214151
4209003
4215075
4215208
4209177
4209201
4217758
4217907
4209458
4209706
4209854
4210035
4210050
4210555
4210704
4211009
4211058
4211405
4211652
4211850
4211876
4212601
4212908
4214201
4214409
4215554
4215687
4215695
4215752
4216008
4217154
4217204
4217550
4217956
4218855
4219101
4219150
4219176
4219309
4219507
4219606
4300505
4300901
4301925
4301859
4303400
4306957
4306072
4306007
4306734
4306320
4307203
4307302
4308052
4308508
4309126
4310504
4310702
4312005
4311601
4311908
4313805
4314498
4314704
4315552
4315909
4320206
4320602
4321329
4321402
4321634
4321477
4321907
4323101
4323507
4323705
4200200
4200309
4200606
4200705
4200903
4201109
4201208
4201257
4201406
4201505
4215604
4215703
4216057
4216305
4216404
4216503
4216602
4216800
4217105
4217600
4218004
4218103
4218350
4218400
4218608
4218707
4218806
4202073
4202305
4202438
4202453
4202503
4202909
4204251
4204806
4211702
4211751
4213708
4209300
4209409
4209508
4210209
4212700
4302303
4303608
4311122
4318622
4321501
4211504
4211603
4205456
4202800
4213500
4201950
4205407
4201802
4201901
4202602
4202701
4202859
4203204
4203709
4203956
4204194
4204608
4205191
4211892
4211900
4212056
4212254
4212304
4212403
4205555
4205704
4206009
4206108
4206207
4206306
4207007
4207205
4207304
4207403
4208500
4208708
4208807
4213302
4213351
4213807
4214102
4215455
4214607
4214805
4214904
4215059
4217709
4217808
4209607
4209805
4209904
4210407
4210803
4210852
4211207
4211256
4214300
4215653
4215901
4217006
4217253
4218905
4218954
4219002
4219200
4304630
4306551
4310652
4311734
4312443
4316006
4321709
4321436
4321667
4321832
3162807
3165909
3167103
3171501
3117504
3118106
3116100
3103405
3108800
3110806
3121001
3123106
3127503
3127602
3127701
3128006
3132503
3132701
3135456
3139201
3145307
3148400
3148608
3149952
3152402
3153301
3156007
3156809
3160207
3160504
3161601
3162609
3163003
3163508
3164100
3164506
3164803
3165503
3165552
3166105
3166501
3167707
3168408
3169505
3171071
3171808
3171907
3101805
3102407
3102852
3104452
3106309
3109253
3112059
3112307
3112653
3113800
3116803
3119203
3120102
3121605
3122108
3122207
3122603
3160959
3147501
3164472
3132800
3119401
3122504
3123700
3125408
3125804
3125903
3126505
3126752
3126901
3126950
3129301
3131158
3133204
3135076
3136108
3136553
3137007
3140100
3140605
3141702
3141801
3143708
3144201
3144359
3100500
3100609
3157500
3158003
3158201
3158953
3156700
3117603
3106002
3110004
3113404
3145802
3147105
3149606
3150158
3150539
3151404
3161007
3161908
3163102
3168705
3170057
3170578
3103009
3105400
3106200
3107703
3107802
3159357
3153905
3155702
3157252
3163409
3106705
3117405
3118601
3120003
3121803
3123858
3124104
3126000
3130556
3130903
3131208
3131307
3131703
3135001
3136207
3136652
3138302
3139706
3140308
3144706
3157807
2801702
2801900
2802007
2802304
2802403
2800209
2800308
2801306
2803203
2803500
2803609
2803708
2804508
2804607
2804805
2805802
2805901
2915908
2801108
2908606
2927002
2908903
2910602
2906402
2801603
2802106
2802601
2802502
2800407
2800506
2800670
2800605
2801009
2801504
2802205
2802809
2802908
2805109
2803005
2803104
2803302
2803807
2803906
2921005
2804003
2804102
2923308
2924058
2924108
2926301
2804300
2804706
2806008
2806107
2806206
2806305
2806503
2806602
2806701
2806800
2807006
2900306
2900405
2900702
2901106
2807204
2807303
2807402
2807501
2807600
2901502
2901700
2901908
2902054
2902203
2910057
2910503
2905701
2907004
2910800
2907509
2908200
2908507
2911600
2913705
2913804
2914505
2917904
2919207
2925204
2925956
2927408
2927507
2928604
2928802
2929008
2929107
2929206
2929305
2929503
2929602
2929750
2930402
2930709
2931103
2931400
2931707
4111555
5000609
4105607
4126702
4126900
4107256
4111902
4115200
4120333
4125308
4117404
5005707
5001243
4108106
4126256
4103701
4100608
4100905
4101150
4101507
4101903
4102109
4102208
4102802
4106407
4106704
4108908
4107801
4109104
4112405
4109807
4110409
4109906
4110003
4112702
4113403
4116000
4117206
4113502
4113601
4114104
4121000
4115903
4116307
4116406
4121307
4116505
4116901
4122404
4117503
4118402
4119657
4119707
4120002
4124202
4124509
4120507
4124608
4123303
4123402
4123709
4123956
4125555
4126405
4126504
4128302
4128401
5003157
3501202
3161304
3170438
3509304
3517505
3503703
3504404
3505104
3505500
3506102
3506409
3506508
3510708
3510906
3511102
3511300
3511904
3512001
3528304
3512506
3533254
3536604
3539608
3514957
3515202
3515509
3515608
3520707
3553609
3529302
3529500
3529609
3530300
3530508
3533502
3533908
3534005
3534203
3534757
3536901
3540259
3540804
3544806
3545605
3546256
3557105
3557154
3547601
3547908
3548054
3549706
3549805
3552601
3555208
3555307
3555356
3555604
3556008
3127107
3508702
3516903
3519808
3525706
3163904
3152907
3145109
3147907
3152808
3159803
3164704
3170206
3509403
3515905
3517109
3517208
3517901
3500907
3531407
3532801
3101904
3104106
3107604
3109501
3111101
3112406
3115102
3122405
3126307
3127008
3128303
3128709
3129103
3133402
3133758
3134202
3134400
3134806
3136900
3143005
3143203
3144102
3500204
3502804
3503950
3504602
3504800
3507407
3507704
3507753
3508108
3510104
3528106
3528205
3511201
3531506
3532504
3532603
3539004
3513850
3514205
3514924
3548401
3501103
3544202
3516507
3516804
3518008
3518909
3519402
3521507
3521903
3524501
3524808
3527256
3527702
3528858
3530003
3531001
3531308
3532702
3532868
3533007
3533304
3535002
3535101
3535705
3536257
3537305
3537701
3538105
3539905
3540309
3541604
3544608
3547205
3549201
3549250
3551306
3551900
3553104
3553203
3553302
3553708
3555703
3556107
3556909
5216304
4111407
4106456
4106506
4100459
4103040
4103453
4104402
4104428
4104451
4102604
4103354
4104808
4105003
4106571
4106803
4107207
4107405
4107850
4108403
4110078
4110201
4110706
4113254
4113304
4116059
4113452
4118501
4118600
4118709
4113908
4115408
4115739
4120903
4116703
4116802
4117222
4117271
4117453
4117800
4119301
4123857
4120150
4120606
4123006
4123808
4124020
4127858
4125704
4128609
4128658
4128708
4105300
4111209
4105409
4103958
4107124
4108957
4103909
4104055
4101002
4101051
4101853
4102000
4102752
4102901
4103024
4103057
4103156
4103222
4104501
4104600
4106308
4107157
4107538
4107546
4108304
4108452
4108650
4109757
4109302
4109401
4109658
4113734
4122008
4110052
4127700
4110656
4110805
4110953
4112751
4112959
4118451
4114005
4114351
4114401
4114500
4114609
4115358
4115457
4115606
4115804
4115853
4121257
4121406
4121604
4121703
4121752
4116950
4117057
4122156
4122172
4122503
4117255
4117909
4119004
4119251
4119608
4123824
4119806
4120309
4120358
4124806
4120853
4122651
4122800
4123501
4124053
4124400
4125209
4125456
4125753
4126272
4126355
4126652
4127957
4127965
4128005
4128203
4128559
3166303
3118007
3105707
3132206
3135407
3135506
3153509
3145851
3145877
3145901
3146107
3148756
3150406
3150604
3152105
3162559
3202553
3202652
3102050
3102506
3106408
3108107
3112109
3114006
3114501
3116605
3120607
3121704
3122009
3124203
3126109
3128204
3133501
3138674
3139508
3140001
3140902
3142304
3100302
3100401
3157906
3205309
3156601
3203163
3203205
3200102
3200136
2920007
3200607
3201001
3201605
3202207
3202256
3203130
2933257
3203353
3203502
3203601
3203908
3204005
3204054
3204104
3204252
3204351
2921104
3115706
3116001
2915601
2915809
3113008
2918902
2922706
3127305
3127370
3132305
3135803
3138906
2932507
2932705
3144656
3159506
3154309
3202108
3146305
3163300
3146750
3148509
3148707
3150000
3151909
3144904
3145356
3146206
3152170
3155108
3157104
3160306
3161056
3161650
3162575
3163607
3166709
3168051
3168606
3170305
3200169
3200359
3200805
3200904
3201159
3201506
3202504
3202702
3202900
3203056
2920908
2922003
2923902
2926657
3101706
3102209
3102704
3104700
3105202
3106606
2900801
2900900
2901205
2902252
2902906
2904704
2904803
2903300
2903409
2903508
2910404
2905602
2906303
2906709
2906907
2910727
2910909
2911006
3113701
3115458
2908002
2911808
2914653
2914802
2915304
2915403
2915502
2912103
2912301
2912806
2916005
2913507
2913606
2916203
2916302
2916401
2916609
2916807
2917102
2918555
2918456
2919702
3118403
3120151
3120839
2923001
3122355
3122454
2925006
2925105
2925303
2925402
2925501
3123528
3125606
3126802
3127057
2927705
2927804
2928059
2929354
3131802
3134103
3134707
3136009
3136504
3137700
2931350
2931806
3139607
2933307
3140555
3141405
3141504
3143153
3144003
3144300
3100906
3101003
3101102
3144672
3157658
3158102
3203304
3204500
3204559
3204609
3204658
3204708
3204906
3204955
3205002
3205010
3205150
3205176
3168002
3171600
2908705
3120870
3127073
2932606
3145372
3152204
3155603
3156502
3157005
3160454
3162708
3166956
3170651
3106655
2909000
3117009
2917409
3119500
2924702
3124302
3130655
3133303
3134004
3141009
3143450
3157377
3501608
3503604
3504008
3504107
3506300
3506904
3507100
3510401
3523404
3523503
3511508
3511607
3512308
3528601
3536109
3514908
3539707
3519071
3520509
3556503
3533403
3537107
3545159
3545209
3545803
3546405
3557204
3548005
3550100
3552106
3552403
3554508
3554607
3555505
4102406
4111803
4123907
3169109
3509502
3509809
3538709
3133600
3143807
4111001
3500550
3501509
3501905
3502309
3507506
3507605
3510005
3510153
3536505
3512407
3531803
3532009
3532405
3538808
3515152
3544004
3519501
3520905
3521408
3524006
3524709
3525201
3525854
3525904
3526407
3526803
3526902
3527009
3551603
3527306
3527504
3527801
3528007
3556701
3529807
3530904
3531209
3533809
3534708
3535309
3536802
3537503
3538204
3538600
3540507
3540606
3542107
3543204
3545407
3550506
3554953
3556206
3556354
4103602
4101101
4102703
4111506
4105508
4103479
4103503
4108205
4102505
4112207
4126801
4103206
4103305
4106605
4107900
4112108
4115101
4124301
4117297
4117305
4120655
4123204
4127908
4128807
5006358
5007703
5007950
4111100
4104303
4103370
4100509
4103800
4100707
4101408
4101655
4101705
4108809
4103008
4106555
4106852
4107306
4107504
4107520
4107553
4107603
4107702
4108320
4108551
4108601
4108700
4112504
4110607
4114906
4111605
4114708
4114807
4113007
4113106
4113429
4113700
4113759
4114203
4118907
4115507
4115754
4116109
4121356
4122107
4118006
4118808
4118857
4120408
4124707
4121109
4122602
4127205
4122701
4127403
4125001
4125357
4125803
4126108
4126678
4128104
4128625
5004601
5003751
5004304
5004809
5005681
4313425
4301701
4200051
4313441
4204558
4315057
4300307
4302600
4307005
4308706
4309605
4309704
4311429
4302204
4304002
4304853
4305157
4306130
4306429
4306924
4204152
4305801
4301552
4302154
4313607
4305116
4303806
4310850
4314456
4311700
4312203
4313011
4313466
4315404
4318499
4316428
4318457
4319703
4320230
4321857
4321808
4322905
4321956
4322103
4322301
4305108
4201000
4204178
4301800
4311809
4304622
4304804
4318051
4306403
4307401
4314464
4312153
4312385
4312617
4313060
4317251
4320503
4321204
4322509
4322608
4323770
4300570
4308078
4323309
4310363
4313359
4306759
4317558
4318200
4303905
4300703
4302352
4302402
4302659
4300877
4314001
4304903
4301008
4307609
4308102
4306809
4312807
4301651
4203253
4203402
4312351
4307807
4307864
4312476
4307906
4300059
4312906
4300661
4300802
4318481
4301404
4302253
4302105
4303202
4303558
4303673
4304408
4304614
4304697
4304713
4305371
4304952
4305504
4305587
4305934
4305959
4305835
4305975
4320404
4306205
4306304
4306452
4308201
4308250
4308433
4308607
4311791
4308805
4308854
4308904
4309050
4309100
4309258
4309209
4309555
4309407
4309803
4309902
4310108
4310306
4310439
4310579
4310801
4314423
4311304
4311403
4311627
4311643
4316808
4307559
4302451
4306973
4308300
4310462
4311775
4312054
4312138
4312377
4312401
4312609
4312625
4312757
4313003
4313086
4313201
4313300
4313409
4313508
4316758
4314035
4314050
4314076
4314134
4314159
4314753
4314787
4314803
4315131
4315149
4315172
4315156
4315206
4315453
4315750
4315800
4318440
4316501
4316956
4316600
4316733
4317608
4318424
4317954
4318465
4318606
4319505
4318614
4319000
4319752
4319356
4319711
4319901
4320453
4320859
4320909
4321451
4321303
4321626
4322806
4322186
4322251
4322350
4322525
4322855
4322558
4322541
4323358
4323606
2921302
2933174
2933208
2906501
2915700
2909802
2918704
2918803
2919926
2920403
2920502
2920601
2920700
2900603
2901007
2901957
2902302
2902401
2903102
2904308
2903706
2903953
2904852
2904902
2909505
2905156
2910008
2910206
2910305
2905404
2905800
2911204
2911501
2907301
2908309
2914901
2915106
2915205
2912707
2912905
2913457
2913903
2914208
2916104
2916708
2916856
2916906
2917300
2917607
2917805
2918001
2918209
2918308
2919058
2922201
2922300
2922409
2922508
2922607
2922755
2922805
2924678
2924900
2925758
2927309
2927903
2928505
2928703
2929404
2931202
2931608
2932101
2932200
2932309
2932903
2933505
3160405
3162922
3164001
3131901
3144805
3155306
3154002
3154150
3154804
3154903
3155009
3157203
3164605
3165537
3165560
3167608
3171154
3102308
3104205
3109006
3140530
3148905
3150208
3160108
3170503
3112901
3114204
3115359
3122306
3122702
3129806
3130101
3130200
3133709
3133808
3135308
3137205
3139409
3140159
3140704
3157401
3158904
3115805
3109808
3111804
3127909
5205901
5204508
5211503
3169604
3103504
3103751
3112604
3115003
3123502
3124807
3130705
3131406
3142809
3143104
3100104
5205109
5203906
5200209
5201207
5203500
5205059
5204250
5206602
5206909
5212907
5213806
5208509
5209101
5209150
5218508
5209937
5214804
5215504
5216007
5221304
4300471
4302220
4302238
4308458
4303004
4304200
4304705
4305702
4306106
4310207
4310009
4311155
4311205
4313706
4314100
4315313
4316907
4316451
4316709
4317400
4319125
4319158
4319406
4320800
4322707
4323200
4318101
4304309
4300109
4308003
4300208
4300455
4300554
4312955
4301206
4301503
4301958
4320651
4302006
4302584
4303301
4303707
4304101
4305009
4305871
4305132
4305207
4305306
4305405
4305603
4305850
4306700
4305900
4306353
4306932
4307054
4307500
4307815
4307831
4308656
4309001
4309159
4309506
4309571
4309753
4309951
4310405
4310413
4310751
4310538
4310876
4311270
4310900
4311106
4311130
4311239
4311254
4312104
4312179
4312427
4312658
4312674
4313037
4313102
4313334
4313391
4313490
4315073
4315107
4313904
4314027
4314068
4314555
4314308
4314472
4314779
4315008
4315354
4315321
4315503
4315701
4315958
4316105
4316204
4316303
4316436
4316477
4317202
4317509
4317756
4317806
4317905
4318432
4319737
4319364
4318903
4319307
4319109
4319208
4319372
4320107
4320263
4320305
4320321
4320578
4320677
4320701
4321006
4321469
4321493
4322152
4322343
4322533
4323408
4323754
2704302
2602902
2603306
2604106
2605004
2606002
2607901
2609402
2609600
2611606
2613701
2701308
2700508
2705200
2706448
2708709
2708907
2705507
2600302
2600906
2600807
2600401
2601003
2601300
2601409
2601508
2601904
2602407
2602100
2602308
2603504
2603207
2603702
2603801
2604403
2604205
2604502
2604700
2604809
2604908
2605202
2606408
2605905
2606101
2606705
2702108
2607208
2607950
2608404
2608206
2608255
2608305
2608602
2608701
2608800
2609204
2610004
2610103
2610202
2610301
2610509
2611309
2611408
2611507
2612000
2611705
2612307
2611804
2611903
2612901
2702207
2613206
2613305
2613404
2614204
2614857
2615102
2700805
2616407
2616506
2700201
2700300
2700409
2701704
2700607
2701001
2701100
2701357
2701407
2701902
2702009
2702306
2702603
2702702
2702801
2702900
2703908
2703007
2705903
2703106
2703205
2703502
2704005
2703601
2703759
2703809
2704203
2704500
2704708
2704807
2704906
2705101
2705606
2706307
2706802
2706505
2706604
2706703
2706901
2707008
2707503
2707701
2707305
2707404
2707602
2707909
2707800
2708105
2708204
2708303
2708600
2708501
2709004
2708808
2709103
2709152
2709301
2709400
2800100
2802700
2800704
2804904
2803401
2804409
2805307
2805703
2806404
2806909
3503901
3505708
3506359
3506607
3510500
3523107
3528502
3513504
3513801
3539806
3515004
3515103
3518305
3520400
3529401
3530607
3534401
3543303
3545001
3546009
3546801
3547809
3552502
3552809
3555406
3509007
3509601
3515707
3532306
3542305
3544103
3516309
3516408
3518701
3518800
3522109
3522208
3524402
3524907
3531100
3535606
3541000
3548500
3548708
3548807
3550308
3550704
3551009
3510609
3509205
3525003
3517604
3501152
3509254
3505005
3505351
3505401
3507001
3510203
3510302
3523305
3528403
3512605
3513009
3536208
3514809
3539103
3542602
3515400
3520301
3520426
3521002
3529906
3543253
3545308
3557006
3547304
4100103
4100202
4100301
4100400
3549953
3552205
3553005
3554003
3554201
4102307
4127007
4127106
4104659
4104907
4106902
4107009
4107736
4107751
4109708
4110102
4111704
4112009
4113205
4121208
4116208
4116604
4117701
4118204
4119103
4119152
4119202
4119905
4119954
4120101
4120705
4124103
4125100
4127809
4127882
4125506
4125605
4126207
4126306
4126603
4128534
4128633
4201307
4215679
4216206
4216354
4217402
4218202
4218301
4202107
4202131
4202206
4202404
4206900
4209102
4210100
4210308
4210605
4105201
3509908
3509452
3535804
4111258
3500758
3502200
3502705
3502754
3502903
3507159
3551801
3508009
3508405
4105805
3553500
3556453
3542800
3543006
4109005
3518503
3519709
3521200
3521705
3522158
3522307
3522406
3522505
3522653
3522802
3523909
3524600
3526100
3526209
3532827
3537206
3537602
3537800
3537909
3541653
3543501
3550209
3550605
3551108
3551207
3553807
3553856
3554656
4104006
4104105
4104204
4104253
4101200
4101309
4101606
4101804
4103107
4104709
4106001
4106100
4106209
4107652
4109500
4109609
4110508
4121901
4112306
4201703
4112801
4112900
4114302
4115705
4121505
4121802
4117008
4122206
4122305
4117214
4119400
4119509
4214508
4120804
4122909
4123105
4124004
4127502
4127601
4125407
4126009
4202008
4128500
4202057
4205100
4205159
4215307
4203303
4203808
4204509
4212205
4212502
4205803
4205902
4206504
4207106
4207502
4208104
4208203
4208302
4208450
4208906
4213203
4214003
4215505
4209151
4214706
4215000
4215109
4210001
4211108
4211306
4212809
4215802
4219358
4219408
