3203163
3203205
3200102
3200136
3200508
3200607
3201001
3201605
3202207
3202256
3203106
3203130
3203320
3203346
3203353
3203403
3203502
3203601
3203700
3203809
3203908
3204005
3204054
3204104
3204203
3204252
3204302
3204351
3200169
3200201
3200300
3200359
3200409
3200706
3200805
3200904
3201100
3201159
3201209
3201308
3201407
3201506
3201704
3201803
3201902
3202009
3202108
3202306
3202405
3202454
3202504
3202553
3202603
3202652
3202702
3202801
3202900
3203007
3203056
3203304
3204401
3204500
3204559
3204609
3204658
3204708
3204807
3204906
3204955
3205002
3205010
3205036
3205069
3205101
3205150
3205176
3205200
3205309

